1 2 3 4 5 6 7 8 9 10 11 12 13 14 15 16 17 18 19 20 21 22 23 24
1 25 26 27 28 29 30 31 32 33 34 35 36 37 38 39 40 41 42 43 44 45 46 47
1 48 49 50 51 52 53 54 55 56 57 58 59 60 61 62 63 64 65 66 67 68 69 70
1 71 72 73 74 75 76 77 78 79 80 81 82 83 84 85 86 87 88 89 90 91 92 93
1 94 95 96 97 98 99 100 101 102 103 104 105 106 107 108 109 110 111 112 113 114 115 116
1 117 118 119 120 121 122 123 124 125 126 127 128 129 130 131 132 133 134 135 136 137 138 139
1 140 141 142 143 144 145 146 147 148 149 150 151 152 153 154 155 156 157 158 159 160 161 162
1 163 164 165 166 167 168 169 170 171 172 173 174 175 176 177 178 179 180 181 182 183 184 185
1 186 187 188 189 190 191 192 193 194 195 196 197 198 199 200 201 202 203 204 205 206 207 208
1 209 210 211 212 213 214 215 216 217 218 219 220 221 222 223 224 225 226 227 228 229 230 231
1 232 233 234 235 236 237 238 239 240 241 242 243 244 245 246 247 248 249 250 251 252 253 254
1 255 256 257 258 259 260 261 262 263 264 265 266 267 268 269 270 271 272 273 274 275 276 277
1 278 279 280 281 282 283 284 285 286 287 288 289 290 291 292 293 294 295 296 297 298 299 300
1 301 302 303 304 305 306 307 308 309 310 311 312 313 314 315 316 317 318 319 320 321 322 323
1 324 325 326 327 328 329 330 331 332 333 334 335 336 337 338 339 340 341 342 343 344 345 346
1 347 348 349 350 351 352 353 354 355 356 357 358 359 360 361 362 363 364 365 366 367 368 369
1 370 371 372 373 374 375 376 377 378 379 380 381 382 383 384 385 386 387 388 389 390 391 392
1 393 394 395 396 397 398 399 400 401 402 403 404 405 406 407 408 409 410 411 412 413 414 415
1 416 417 418 419 420 421 422 423 424 425 426 427 428 429 430 431 432 433 434 435 436 437 438
1 439 440 441 442 443 444 445 446 447 448 449 450 451 452 453 454 455 456 457 458 459 460 461
1 462 463 464 465 466 467 468 469 470 471 472 473 474 475 476 477 478 479 480 481 482 483 484
1 485 486 487 488 489 490 491 492 493 494 495 496 497 498 499 500 501 502 503 504 505 506 507
1 508 509 510 511 512 513 514 515 516 517 518 519 520 521 522 523 524 525 526 527 528 529 530
1 531 532 533 534 535 536 537 538 539 540 541 542 543 544 545 546 547 548 549 550 551 552 553
2 25 48 71 94 117 140 163 186 209 232 255 278 301 324 347 370 393 416 439 462 485 508 531
2 26 49 72 95 118 141 164 187 210 233 256 279 302 325 348 371 394 417 440 463 486 509 532
2 27 50 73 96 119 142 165 188 211 234 257 280 303 326 349 372 395 418 441 464 487 510 533
2 28 51 74 97 120 143 166 189 212 235 258 281 304 327 350 373 396 419 442 465 488 511 534
2 29 52 75 98 121 144 167 190 213 236 259 282 305 328 351 374 397 420 443 466 489 512 535
2 30 53 76 99 122 145 168 191 214 237 260 283 306 329 352 375 398 421 444 467 490 513 536
2 31 54 77 100 123 146 169 192 215 238 261 284 307 330 353 376 399 422 445 468 491 514 537
2 32 55 78 101 124 147 170 193 216 239 262 285 308 331 354 377 400 423 446 469 492 515 538
2 33 56 79 102 125 148 171 194 217 240 263 286 309 332 355 378 401 424 447 470 493 516 539
2 34 57 80 103 126 149 172 195 218 241 264 287 310 333 356 379 402 425 448 471 494 517 540
2 35 58 81 104 127 150 173 196 219 242 265 288 311 334 357 380 403 426 449 472 495 518 541
2 36 59 82 105 128 151 174 197 220 243 266 289 312 335 358 381 404 427 450 473 496 519 542
2 37 60 83 106 129 152 175 198 221 244 267 290 313 336 359 382 405 428 451 474 497 520 543
2 38 61 84 107 130 153 176 199 222 245 268 291 314 337 360 383 406 429 452 475 498 521 544
2 39 62 85 108 131 154 177 200 223 246 269 292 315 338 361 384 407 430 453 476 499 522 545
2 40 63 86 109 132 155 178 201 224 247 270 293 316 339 362 385 408 431 454 477 500 523 546
2 41 64 87 110 133 156 179 202 225 248 271 294 317 340 363 386 409 432 455 478 501 524 547
2 42 65 88 111 134 157 180 203 226 249 272 295 318 341 364 387 410 433 456 479 502 525 548
2 43 66 89 112 135 158 181 204 227 250 273 296 319 342 365 388 411 434 457 480 503 526 549
2 44 67 90 113 136 159 182 205 228 251 274 297 320 343 366 389 412 435 458 481 504 527 550
2 45 68 91 114 137 160 183 206 229 252 275 298 321 344 367 390 413 436 459 482 505 528 551
2 46 69 92 115 138 161 184 207 230 253 276 299 322 345 368 391 414 437 460 483 506 529 552
2 47 70 93 116 139 162 185 208 231 254 277 300 323 346 369 392 415 438 461 484 507 530 553
3 25 49 73 97 121 145 169 193 217 241 265 289 313 337 361 385 409 433 457 481 505 529 553
3 26 50 74 98 122 146 170 194 218 242 266 290 314 338 362 386 410 434 458 482 506 530 531
3 27 51 75 99 123 147 171 195 219 243 267 291 315 339 363 387 411 435 459 483 507 508 532
3 28 52 76 100 124 148 172 196 220 244 268 292 316 340 364 388 412 436 460 484 485 509 533
3 29 53 77 101 125 149 173 197 221 245 269 293 317 341 365 389 413 437 461 462 486 510 534
3 30 54 78 102 126 150 174 198 222 246 270 294 318 342 366 390 414 438 439 463 487 511 535
3 31 55 79 103 127 151 175 199 223 247 271 295 319 343 367 391 415 416 440 464 488 512 536
3 32 56 80 104 128 152 176 200 224 248 272 296 320 344 368 392 393 417 441 465 489 513 537
3 33 57 81 105 129 153 177 201 225 249 273 297 321 345 369 370 394 418 442 466 490 514 538
3 34 58 82 106 130 154 178 202 226 250 274 298 322 346 347 371 395 419 443 467 491 515 539
3 35 59 83 107 131 155 179 203 227 251 275 299 323 324 348 372 396 420 444 468 492 516 540
3 36 60 84 108 132 156 180 204 228 252 276 300 301 325 349 373 397 421 445 469 493 517 541
3 37 61 85 109 133 157 181 205 229 253 277 278 302 326 350 374 398 422 446 470 494 518 542
3 38 62 86 110 134 158 182 206 230 254 255 279 303 327 351 375 399 423 447 471 495 519 543
3 39 63 87 111 135 159 183 207 231 232 256 280 304 328 352 376 400 424 448 472 496 520 544
3 40 64 88 112 136 160 184 208 209 233 257 281 305 329 353 377 401 425 449 473 497 521 545
3 41 65 89 113 137 161 185 186 210 234 258 282 306 330 354 378 402 426 450 474 498 522 546
3 42 66 90 114 138 162 163 187 211 235 259 283 307 331 355 379 403 427 451 475 499 523 547
3 43 67 91 115 139 140 164 188 212 236 260 284 308 332 356 380 404 428 452 476 500 524 548
3 44 68 92 116 117 141 165 189 213 237 261 285 309 333 357 381 405 429 453 477 501 525 549
3 45 69 93 94 118 142 166 190 214 238 262 286 310 334 358 382 406 430 454 478 502 526 550
3 46 70 71 95 119 143 167 191 215 239 263 287 311 335 359 383 407 431 455 479 503 527 551
3 47 48 72 96 120 144 168 192 216 240 264 288 312 336 360 384 408 432 456 480 504 528 552
4 25 50 75 100 125 150 175 200 225 250 275 300 302 327 352 377 402 427 452 477 502 527 552
4 26 51 76 101 126 151 176 201 226 251 276 278 303 328 353 378 403 428 453 478 503 528 553
4 27 52 77 102 127 152 177 202 227 252 277 279 304 329 354 379 404 429 454 479 504 529 531
4 28 53 78 103 128 153 178 203 228 253 255 280 305 330 355 380 405 430 455 480 505 530 532
4 29 54 79 104 129 154 179 204 229 254 256 281 306 331 356 381 406 431 456 481 506 508 533
4 30 55 80 105 130 155 180 205 230 232 257 282 307 332 357 382 407 432 457 482 507 509 534
4 31 56 81 106 131 156 181 206 231 233 258 283 308 333 358 383 408 433 458 483 485 510 535
4 32 57 82 107 132 157 182 207 209 234 259 284 309 334 359 384 409 434 459 484 486 511 536
4 33 58 83 108 133 158 183 208 210 235 260 285 310 335 360 385 410 435 460 462 487 512 537
4 34 59 84 109 134 159 184 186 211 236 261 286 311 336 361 386 411 436 461 463 488 513 538
4 35 60 85 110 135 160 185 187 212 237 262 287 312 337 362 387 412 437 439 464 489 514 539
4 36 61 86 111 136 161 163 188 213 238 263 288 313 338 363 388 413 438 440 465 490 515 540
4 37 62 87 112 137 162 164 189 214 239 264 289 314 339 364 389 414 416 441 466 491 516 541
4 38 63 88 113 138 140 165 190 215 240 265 290 315 340 365 390 415 417 442 467 492 517 542
4 39 64 89 114 139 141 166 191 216 241 266 291 316 341 366 391 393 418 443 468 493 518 543
4 40 65 90 115 117 142 167 192 217 242 267 292 317 342 367 392 394 419 444 469 494 519 544
4 41 66 91 116 118 143 168 193 218 243 268 293 318 343 368 370 395 420 445 470 495 520 545
4 42 67 92 94 119 144 169 194 219 244 269 294 319 344 369 371 396 421 446 471 496 521 546
4 43 68 93 95 120 145 170 195 220 245 270 295 320 345 347 372 397 422 447 472 497 522 547
4 44 69 71 96 121 146 171 196 221 246 271 296 321 346 348 373 398 423 448 473 498 523 548
4 45 70 72 97 122 147 172 197 222 247 272 297 322 324 349 374 399 424 449 474 499 524 549
4 46 48 73 98 123 148 173 198 223 248 273 298 323 325 350 375 400 425 450 475 500 525 550
4 47 49 74 99 124 149 174 199 224 249 274 299 301 326 351 376 401 426 451 476 501 526 551
5 25 51 77 103 129 155 181 207 210 236 262 288 314 340 366 392 395 421 447 473 499 525 551
5 26 52 78 104 130 156 182 208 211 237 263 289 315 341 367 370 396 422 448 474 500 526 552
5 27 53 79 105 131 157 183 186 212 238 264 290 316 342 368 371 397 423 449 475 501 527 553
5 28 54 80 106 132 158 184 187 213 239 265 291 317 343 369 372 398 424 450 476 502 528 531
5 29 55 81 107 133 159 185 188 214 240 266 292 318 344 347 373 399 425 451 477 503 529 532
5 30 56 82 108 134 160 163 189 215 241 267 293 319 345 348 374 400 426 452 478 504 530 533
5 31 57 83 109 135 161 164 190 216 242 268 294 320 346 349 375 401 427 453 479 505 508 534
5 32 58 84 110 136 162 165 191 217 243 269 295 321 324 350 376 402 428 454 480 506 509 535
5 33 59 85 111 137 140 166 192 218 244 270 296 322 325 351 377 403 429 455 481 507 510 536
5 34 60 86 112 138 141 167 193 219 245 271 297 323 326 352 378 404 430 456 482 485 511 537
5 35 61 87 113 139 142 168 194 220 246 272 298 301 327 353 379 405 431 457 483 486 512 538
5 36 62 88 114 117 143 169 195 221 247 273 299 302 328 354 380 406 432 458 484 487 513 539
5 37 63 89 115 118 144 170 196 222 248 274 300 303 329 355 381 407 433 459 462 488 514 540
5 38 64 90 116 119 145 171 197 223 249 275 278 304 330 356 382 408 434 460 463 489 515 541
5 39 65 91 94 120 146 172 198 224 250 276 279 305 331 357 383 409 435 461 464 490 516 542
5 40 66 92 95 121 147 173 199 225 251 277 280 306 332 358 384 410 436 439 465 491 517 543
5 41 67 93 96 122 148 174 200 226 252 255 281 307 333 359 385 411 437 440 466 492 518 544
5 42 68 71 97 123 149 175 201 227 253 256 282 308 334 360 386 412 438 441 467 493 519 545
5 43 69 72 98 124 150 176 202 228 254 257 283 309 335 361 387 413 416 442 468 494 520 546
5 44 70 73 99 125 151 177 203 229 232 258 284 310 336 362 388 414 417 443 469 495 521 547
5 45 48 74 100 126 152 178 204 230 233 259 285 311 337 363 389 415 418 444 470 496 522 548
5 46 49 75 101 127 153 179 205 231 234 260 286 312 338 364 390 393 419 445 471 497 523 549
5 47 50 76 102 128 154 180 206 209 235 261 287 313 339 365 391 394 420 446 472 498 524 550
6 25 52 79 106 133 160 164 191 218 245 272 299 303 330 357 384 411 438 442 469 496 523 550
6 26 53 80 107 134 161 165 192 219 246 273 300 304 331 358 385 412 416 443 470 497 524 551
6 27 54 81 108 135 162 166 193 220 247 274 278 305 332 359 386 413 417 444 471 498 525 552
6 28 55 82 109 136 140 167 194 221 248 275 279 306 333 360 387 414 418 445 472 499 526 553
6 29 56 83 110 137 141 168 195 222 249 276 280 307 334 361 388 415 419 446 473 500 527 531
6 30 57 84 111 138 142 169 196 223 250 277 281 308 335 362 389 393 420 447 474 501 528 532
6 31 58 85 112 139 143 170 197 224 251 255 282 309 336 363 390 394 421 448 475 502 529 533
6 32 59 86 113 117 144 171 198 225 252 256 283 310 337 364 391 395 422 449 476 503 530 534
6 33 60 87 114 118 145 172 199 226 253 257 284 311 338 365 392 396 423 450 477 504 508 535
6 34 61 88 115 119 146 173 200 227 254 258 285 312 339 366 370 397 424 451 478 505 509 536
6 35 62 89 116 120 147 174 201 228 232 259 286 313 340 367 371 398 425 452 479 506 510 537
6 36 63 90 94 121 148 175 202 229 233 260 287 314 341 368 372 399 426 453 480 507 511 538
6 37 64 91 95 122 149 176 203 230 234 261 288 315 342 369 373 400 427 454 481 485 512 539
6 38 65 92 96 123 150 177 204 231 235 262 289 316 343 347 374 401 428 455 482 486 513 540
6 39 66 93 97 124 151 178 205 209 236 263 290 317 344 348 375 402 429 456 483 487 514 541
6 40 67 71 98 125 152 179 206 210 237 264 291 318 345 349 376 403 430 457 484 488 515 542
6 41 68 72 99 126 153 180 207 211 238 265 292 319 346 350 377 404 431 458 462 489 516 543
6 42 69 73 100 127 154 181 208 212 239 266 293 320 324 351 378 405 432 459 463 490 517 544
6 43 70 74 101 128 155 182 186 213 240 267 294 321 325 352 379 406 433 460 464 491 518 545
6 44 48 75 102 129 156 183 187 214 241 268 295 322 326 353 380 407 434 461 465 492 519 546
6 45 49 76 103 130 157 184 188 215 242 269 296 323 327 354 381 408 435 439 466 493 520 547
6 46 50 77 104 131 158 185 189 216 243 270 297 301 328 355 382 409 436 440 467 494 521 548
6 47 51 78 105 132 159 163 190 217 244 271 298 302 329 356 383 410 437 441 468 495 522 549
7 25 53 81 109 137 142 170 198 226 254 259 287 315 343 348 376 404 432 460 465 493 521 549
7 26 54 82 110 138 143 171 199 227 232 260 288 316 344 349 377 405 433 461 466 494 522 550
7 27 55 83 111 139 144 172 200 228 233 261 289 317 345 350 378 406 434 439 467 495 523 551
7 28 56 84 112 117 145 173 201 229 234 262 290 318 346 351 379 407 435 440 468 496 524 552
7 29 57 85 113 118 146 174 202 230 235 263 291 319 324 352 380 408 436 441 469 497 525 553
7 30 58 86 114 119 147 175 203 231 236 264 292 320 325 353 381 409 437 442 470 498 526 531
7 31 59 87 115 120 148 176 204 209 237 265 293 321 326 354 382 410 438 443 471 499 527 532
7 32 60 88 116 121 149 177 205 210 238 266 294 322 327 355 383 411 416 444 472 500 528 533
7 33 61 89 94 122 150 178 206 211 239 267 295 323 328 356 384 412 417 445 473 501 529 534
7 34 62 90 95 123 151 179 207 212 240 268 296 301 329 357 385 413 418 446 474 502 530 535
7 35 63 91 96 124 152 180 208 213 241 269 297 302 330 358 386 414 419 447 475 503 508 536
7 36 64 92 97 125 153 181 186 214 242 270 298 303 331 359 387 415 420 448 476 504 509 537
7 37 65 93 98 126 154 182 187 215 243 271 299 304 332 360 388 393 421 449 477 505 510 538
7 38 66 71 99 127 155 183 188 216 244 272 300 305 333 361 389 394 422 450 478 506 511 539
7 39 67 72 100 128 156 184 189 217 245 273 278 306 334 362 390 395 423 451 479 507 512 540
7 40 68 73 101 129 157 185 190 218 246 274 279 307 335 363 391 396 424 452 480 485 513 541
7 41 69 74 102 130 158 163 191 219 247 275 280 308 336 364 392 397 425 453 481 486 514 542
7 42 70 75 103 131 159 164 192 220 248 276 281 309 337 365 370 398 426 454 482 487 515 543
7 43 48 76 104 132 160 165 193 221 249 277 282 310 338 366 371 399 427 455 483 488 516 544
7 44 49 77 105 133 161 166 194 222 250 255 283 311 339 367 372 400 428 456 484 489 517 545
7 45 50 78 106 134 162 167 195 223 251 256 284 312 340 368 373 401 429 457 462 490 518 546
7 46 51 79 107 135 140 168 196 224 252 257 285 313 341 369 374 402 430 458 463 491 519 547
7 47 52 80 108 136 141 169 197 225 253 258 286 314 342 347 375 403 431 459 464 492 520 548
8 25 54 83 112 118 147 176 205 211 240 269 298 304 333 362 391 397 426 455 484 490 519 548
8 26 55 84 113 119 148 177 206 212 241 270 299 305 334 363 392 398 427 456 462 491 520 549
8 27 56 85 114 120 149 178 207 213 242 271 300 306 335 364 370 399 428 457 463 492 521 550
8 28 57 86 115 121 150 179 208 214 243 272 278 307 336 365 371 400 429 458 464 493 522 551
8 29 58 87 116 122 151 180 186 215 244 273 279 308 337 366 372 401 430 459 465 494 523 552
8 30 59 88 94 123 152 181 187 216 245 274 280 309 338 367 373 402 431 460 466 495 524 553
8 31 60 89 95 124 153 182 188 217 246 275 281 310 339 368 374 403 432 461 467 496 525 531
8 32 61 90 96 125 154 183 189 218 247 276 282 311 340 369 375 404 433 439 468 497 526 532
8 33 62 91 97 126 155 184 190 219 248 277 283 312 341 347 376 405 434 440 469 498 527 533
8 34 63 92 98 127 156 185 191 220 249 255 284 313 342 348 377 406 435 441 470 499 528 534
8 35 64 93 99 128 157 163 192 221 250 256 285 314 343 349 378 407 436 442 471 500 529 535
8 36 65 71 100 129 158 164 193 222 251 257 286 315 344 350 379 408 437 443 472 501 530 536
8 37 66 72 101 130 159 165 194 223 252 258 287 316 345 351 380 409 438 444 473 502 508 537
8 38 67 73 102 131 160 166 195 224 253 259 288 317 346 352 381 410 416 445 474 503 509 538
8 39 68 74 103 132 161 167 196 225 254 260 289 318 324 353 382 411 417 446 475 504 510 539
8 40 69 75 104 133 162 168 197 226 232 261 290 319 325 354 383 412 418 447 476 505 511 540
8 41 70 76 105 134 140 169 198 227 233 262 291 320 326 355 384 413 419 448 477 506 512 541
8 42 48 77 106 135 141 170 199 228 234 263 292 321 327 356 385 414 420 449 478 507 513 542
8 43 49 78 107 136 142 171 200 229 235 264 293 322 328 357 386 415 421 450 479 485 514 543
8 44 50 79 108 137 143 172 201 230 236 265 294 323 329 358 387 393 422 451 480 486 515 544
8 45 51 80 109 138 144 173 202 231 237 266 295 301 330 359 388 394 423 452 481 487 516 545
8 46 52 81 110 139 145 174 203 209 238 267 296 302 331 360 389 395 424 453 482 488 517 546
8 47 53 82 111 117 146 175 204 210 239 268 297 303 332 361 390 396 425 454 483 489 518 547
9 25 55 85 115 122 152 182 189 219 249 256 286 316 346 353 383 413 420 450 480 487 517 547
9 26 56 86 116 123 153 183 190 220 250 257 287 317 324 354 384 414 421 451 481 488 518 548
9 27 57 87 94 124 154 184 191 221 251 258 288 318 325 355 385 415 422 452 482 489 519 549
9 28 58 88 95 125 155 185 192 222 252 259 289 319 326 356 386 393 423 453 483 490 520 550
9 29 59 89 96 126 156 163 193 223 253 260 290 320 327 357 387 394 424 454 484 491 521 551
9 30 60 90 97 127 157 164 194 224 254 261 291 321 328 358 388 395 425 455 462 492 522 552
9 31 61 91 98 128 158 165 195 225 232 262 292 322 329 359 389 396 426 456 463 493 523 553
9 32 62 92 99 129 159 166 196 226 233 263 293 323 330 360 390 397 427 457 464 494 524 531
9 33 63 93 100 130 160 167 197 227 234 264 294 301 331 361 391 398 428 458 465 495 525 532
9 34 64 71 101 131 161 168 198 228 235 265 295 302 332 362 392 399 429 459 466 496 526 533
9 35 65 72 102 132 162 169 199 229 236 266 296 303 333 363 370 400 430 460 467 497 527 534
9 36 66 73 103 133 140 170 200 230 237 267 297 304 334 364 371 401 431 461 468 498 528 535
9 37 67 74 104 134 141 171 201 231 238 268 298 305 335 365 372 402 432 439 469 499 529 536
9 38 68 75 105 135 142 172 202 209 239 269 299 306 336 366 373 403 433 440 470 500 530 537
9 39 69 76 106 136 143 173 203 210 240 270 300 307 337 367 374 404 434 441 471 501 508 538
9 40 70 77 107 137 144 174 204 211 241 271 278 308 338 368 375 405 435 442 472 502 509 539
9 41 48 78 108 138 145 175 205 212 242 272 279 309 339 369 376 406 436 443 473 503 510 540
9 42 49 79 109 139 146 176 206 213 243 273 280 310 340 347 377 407 437 444 474 504 511 541
9 43 50 80 110 117 147 177 207 214 244 274 281 311 341 348 378 408 438 445 475 505 512 542
9 44 51 81 111 118 148 178 208 215 245 275 282 312 342 349 379 409 416 446 476 506 513 543
9 45 52 82 112 119 149 179 186 216 246 276 283 313 343 350 380 410 417 447 477 507 514 544
9 46 53 83 113 120 150 180 187 217 247 277 284 314 344 351 381 411 418 448 478 485 515 545
9 47 54 84 114 121 151 181 188 218 248 255 285 315 345 352 382 412 419 449 479 486 516 546
10 25 56 87 95 126 157 165 196 227 235 266 297 305 336 367 375 406 437 445 476 507 515 546
10 26 57 88 96 127 158 166 197 228 236 267 298 306 337 368 376 407 438 446 477 485 516 547
10 27 58 89 97 128 159 167 198 229 237 268 299 307 338 369 377 408 416 447 478 486 517 548
10 28 59 90 98 129 160 168 199 230 238 269 300 308 339 347 378 409 417 448 479 487 518 549
10 29 60 91 99 130 161 169 200 231 239 270 278 309 340 348 379 410 418 449 480 488 519 550
10 30 61 92 100 131 162 170 201 209 240 271 279 310 341 349 380 411 419 450 481 489 520 551
10 31 62 93 101 132 140 171 202 210 241 272 280 311 342 350 381 412 420 451 482 490 521 552
10 32 63 71 102 133 141 172 203 211 242 273 281 312 343 351 382 413 421 452 483 491 522 553
10 33 64 72 103 134 142 173 204 212 243 274 282 313 344 352 383 414 422 453 484 492 523 531
10 34 65 73 104 135 143 174 205 213 244 275 283 314 345 353 384 415 423 454 462 493 524 532
10 35 66 74 105 136 144 175 206 214 245 276 284 315 346 354 385 393 424 455 463 494 525 533
10 36 67 75 106 137 145 176 207 215 246 277 285 316 324 355 386 394 425 456 464 495 526 534
10 37 68 76 107 138 146 177 208 216 247 255 286 317 325 356 387 395 426 457 465 496 527 535
10 38 69 77 108 139 147 178 186 217 248 256 287 318 326 357 388 396 427 458 466 497 528 536
10 39 70 78 109 117 148 179 187 218 249 257 288 319 327 358 389 397 428 459 467 498 529 537
10 40 48 79 110 118 149 180 188 219 250 258 289 320 328 359 390 398 429 460 468 499 530 538
10 41 49 80 111 119 150 181 189 220 251 259 290 321 329 360 391 399 430 461 469 500 508 539
10 42 50 81 112 120 151 182 190 221 252 260 291 322 330 361 392 400 431 439 470 501 509 540
10 43 51 82 113 121 152 183 191 222 253 261 292 323 331 362 370 401 432 440 471 502 510 541
10 44 52 83 114 122 153 184 192 223 254 262 293 301 332 363 371 402 433 441 472 503 511 542
10 45 53 84 115 123 154 185 193 224 232 263 294 302 333 364 372 403 434 442 473 504 512 543
10 46 54 85 116 124 155 163 194 225 233 264 295 303 334 365 373 404 435 443 474 505 513 544
10 47 55 86 94 125 156 164 195 226 234 265 296 304 335 366 374 405 436 444 475 506 514 545
11 25 57 89 98 130 162 171 203 212 244 276 285 317 326 358 390 399 431 440 472 504 513 545
11 26 58 90 99 131 140 172 204 213 245 277 286 318 327 359 391 400 432 441 473 505 514 546
11 27 59 91 100 132 141 173 205 214 246 255 287 319 328 360 392 401 433 442 474 506 515 547
11 28 60 92 101 133 142 174 206 215 247 256 288 320 329 361 370 402 434 443 475 507 516 548
11 29 61 93 102 134 143 175 207 216 248 257 289 321 330 362 371 403 435 444 476 485 517 549
11 30 62 71 103 135 144 176 208 217 249 258 290 322 331 363 372 404 436 445 477 486 518 550
11 31 63 72 104 136 145 177 186 218 250 259 291 323 332 364 373 405 437 446 478 487 519 551
11 32 64 73 105 137 146 178 187 219 251 260 292 301 333 365 374 406 438 447 479 488 520 552
11 33 65 74 106 138 147 179 188 220 252 261 293 302 334 366 375 407 416 448 480 489 521 553
11 34 66 75 107 139 148 180 189 221 253 262 294 303 335 367 376 408 417 449 481 490 522 531
11 35 67 76 108 117 149 181 190 222 254 263 295 304 336 368 377 409 418 450 482 491 523 532
11 36 68 77 109 118 150 182 191 223 232 264 296 305 337 369 378 410 419 451 483 492 524 533
11 37 69 78 110 119 151 183 192 224 233 265 297 306 338 347 379 411 420 452 484 493 525 534
11 38 70 79 111 120 152 184 193 225 234 266 298 307 339 348 380 412 421 453 462 494 526 535
11 39 48 80 112 121 153 185 194 226 235 267 299 308 340 349 381 413 422 454 463 495 527 536
11 40 49 81 113 122 154 163 195 227 236 268 300 309 341 350 382 414 423 455 464 496 528 537
11 41 50 82 114 123 155 164 196 228 237 269 278 310 342 351 383 415 424 456 465 497 529 538
11 42 51 83 115 124 156 165 197 229 238 270 279 311 343 352 384 393 425 457 466 498 530 539
11 43 52 84 116 125 157 166 198 230 239 271 280 312 344 353 385 394 426 458 467 499 508 540
11 44 53 85 94 126 158 167 199 231 240 272 281 313 345 354 386 395 427 459 468 500 509 541
11 45 54 86 95 127 159 168 200 209 241 273 282 314 346 355 387 396 428 460 469 501 510 542
11 46 55 87 96 128 160 169 201 210 242 274 283 315 324 356 388 397 429 461 470 502 511 543
11 47 56 88 97 129 161 170 202 211 243 275 284 316 325 357 389 398 430 439 471 503 512 544
12 25 58 91 101 134 144 177 187 220 253 263 296 306 339 349 382 415 425 458 468 501 511 544
12 26 59 92 102 135 145 178 188 221 254 264 297 307 340 350 383 393 426 459 469 502 512 545
12 27 60 93 103 136 146 179 189 222 232 265 298 308 341 351 384 394 427 460 470 503 513 546
12 28 61 71 104 137 147 180 190 223 233 266 299 309 342 352 385 395 428 461 471 504 514 547
12 29 62 72 105 138 148 181 191 224 234 267 300 310 343 353 386 396 429 439 472 505 515 548
12 30 63 73 106 139 149 182 192 225 235 268 278 311 344 354 387 397 430 440 473 506 516 549
12 31 64 74 107 117 150 183 193 226 236 269 279 312 345 355 388 398 431 441 474 507 517 550
12 32 65 75 108 118 151 184 194 227 237 270 280 313 346 356 389 399 432 442 475 485 518 551
12 33 66 76 109 119 152 185 195 228 238 271 281 314 324 357 390 400 433 443 476 486 519 552
12 34 67 77 110 120 153 163 196 229 239 272 282 315 325 358 391 401 434 444 477 487 520 553
12 35 68 78 111 121 154 164 197 230 240 273 283 316 326 359 392 402 435 445 478 488 521 531
12 36 69 79 112 122 155 165 198 231 241 274 284 317 327 360 370 403 436 446 479 489 522 532
12 37 70 80 113 123 156 166 199 209 242 275 285 318 328 361 371 404 437 447 480 490 523 533
12 38 48 81 114 124 157 167 200 210 243 276 286 319 329 362 372 405 438 448 481 491 524 534
12 39 49 82 115 125 158 168 201 211 244 277 287 320 330 363 373 406 416 449 482 492 525 535
12 40 50 83 116 126 159 169 202 212 245 255 288 321 331 364 374 407 417 450 483 493 526 536
12 41 51 84 94 127 160 170 203 213 246 256 289 322 332 365 375 408 418 451 484 494 527 537
12 42 52 85 95 128 161 171 204 214 247 257 290 323 333 366 376 409 419 452 462 495 528 538
12 43 53 86 96 129 162 172 205 215 248 258 291 301 334 367 377 410 420 453 463 496 529 539
12 44 54 87 97 130 140 173 206 216 249 259 292 302 335 368 378 411 421 454 464 497 530 540
12 45 55 88 98 131 141 174 207 217 250 260 293 303 336 369 379 412 422 455 465 498 508 541
12 46 56 89 99 132 142 175 208 218 251 261 294 304 337 347 380 413 423 456 466 499 509 542
12 47 57 90 100 133 143 176 186 219 252 262 295 305 338 348 381 414 424 457 467 500 510 543
13 25 59 93 104 138 149 183 194 228 239 273 284 318 329 363 374 408 419 453 464 498 509 543
13 26 60 71 105 139 150 184 195 229 240 274 285 319 330 364 375 409 420 454 465 499 510 544
13 27 61 72 106 117 151 185 196 230 241 275 286 320 331 365 376 410 421 455 466 500 511 545
13 28 62 73 107 118 152 163 197 231 242 276 287 321 332 366 377 411 422 456 467 501 512 546
13 29 63 74 108 119 153 164 198 209 243 277 288 322 333 367 378 412 423 457 468 502 513 547
13 30 64 75 109 120 154 165 199 210 244 255 289 323 334 368 379 413 424 458 469 503 514 548
13 31 65 76 110 121 155 166 200 211 245 256 290 301 335 369 380 414 425 459 470 504 515 549
13 32 66 77 111 122 156 167 201 212 246 257 291 302 336 347 381 415 426 460 471 505 516 550
13 33 67 78 112 123 157 168 202 213 247 258 292 303 337 348 382 393 427 461 472 506 517 551
13 34 68 79 113 124 158 169 203 214 248 259 293 304 338 349 383 394 428 439 473 507 518 552
13 35 69 80 114 125 159 170 204 215 249 260 294 305 339 350 384 395 429 440 474 485 519 553
13 36 70 81 115 126 160 171 205 216 250 261 295 306 340 351 385 396 430 441 475 486 520 531
13 37 48 82 116 127 161 172 206 217 251 262 296 307 341 352 386 397 431 442 476 487 521 532
13 38 49 83 94 128 162 173 207 218 252 263 297 308 342 353 387 398 432 443 477 488 522 533
13 39 50 84 95 129 140 174 208 219 253 264 298 309 343 354 388 399 433 444 478 489 523 534
13 40 51 85 96 130 141 175 186 220 254 265 299 310 344 355 389 400 434 445 479 490 524 535
13 41 52 86 97 131 142 176 187 221 232 266 300 311 345 356 390 401 435 446 480 491 525 536
13 42 53 87 98 132 143 177 188 222 233 267 278 312 346 357 391 402 436 447 481 492 526 537
13 43 54 88 99 133 144 178 189 223 234 268 279 313 324 358 392 403 437 448 482 493 527 538
13 44 55 89 100 134 145 179 190 224 235 269 280 314 325 359 370 404 438 449 483 494 528 539
13 45 56 90 101 135 146 180 191 225 236 270 281 315 326 360 371 405 416 450 484 495 529 540
13 46 57 91 102 136 147 181 192 226 237 271 282 316 327 361 372 406 417 451 462 496 530 541
13 47 58 92 103 137 148 182 193 227 238 272 283 317 328 362 373 407 418 452 463 497 508 542
14 25 60 72 107 119 154 166 201 213 248 260 295 307 342 354 389 401 436 448 483 495 530 542
14 26 61 73 108 120 155 167 202 214 249 261 296 308 343 355 390 402 437 449 484 496 508 543
14 27 62 74 109 121 156 168 203 215 250 262 297 309 344 356 391 403 438 450 462 497 509 544
14 28 63 75 110 122 157 169 204 216 251 263 298 310 345 357 392 404 416 451 463 498 510 545
14 29 64 76 111 123 158 170 205 217 252 264 299 311 346 358 370 405 417 452 464 499 511 546
14 30 65 77 112 124 159 171 206 218 253 265 300 312 324 359 371 406 418 453 465 500 512 547
14 31 66 78 113 125 160 172 207 219 254 266 278 313 325 360 372 407 419 454 466 501 513 548
14 32 67 79 114 126 161 173 208 220 232 267 279 314 326 361 373 408 420 455 467 502 514 549
14 33 68 80 115 127 162 174 186 221 233 268 280 315 327 362 374 409 421 456 468 503 515 550
14 34 69 81 116 128 140 175 187 222 234 269 281 316 328 363 375 410 422 457 469 504 516 551
14 35 70 82 94 129 141 176 188 223 235 270 282 317 329 364 376 411 423 458 470 505 517 552
14 36 48 83 95 130 142 177 189 224 236 271 283 318 330 365 377 412 424 459 471 506 518 553
14 37 49 84 96 131 143 178 190 225 237 272 284 319 331 366 378 413 425 460 472 507 519 531
14 38 50 85 97 132 144 179 191 226 238 273 285 320 332 367 379 414 426 461 473 485 520 532
14 39 51 86 98 133 145 180 192 227 239 274 286 321 333 368 380 415 427 439 474 486 521 533
14 40 52 87 99 134 146 181 193 228 240 275 287 322 334 369 381 393 428 440 475 487 522 534
14 41 53 88 100 135 147 182 194 229 241 276 288 323 335 347 382 394 429 441 476 488 523 535
14 42 54 89 101 136 148 183 195 230 242 277 289 301 336 348 383 395 430 442 477 489 524 536
14 43 55 90 102 137 149 184 196 231 243 255 290 302 337 349 384 396 431 443 478 490 525 537
14 44 56 91 103 138 150 185 197 209 244 256 291 303 338 350 385 397 432 444 479 491 526 538
14 45 57 92 104 139 151 163 198 210 245 257 292 304 339 351 386 398 433 445 480 492 527 539
14 46 58 93 105 117 152 164 199 211 246 258 293 305 340 352 387 399 434 446 481 493 528 540
14 47 59 71 106 118 153 165 200 212 247 259 294 306 341 353 388 400 435 447 482 494 529 541
15 25 61 74 110 123 159 172 208 221 234 270 283 319 332 368 381 394 430 443 479 492 528 541
15 26 62 75 111 124 160 173 186 222 235 271 284 320 333 369 382 395 431 444 480 493 529 542
15 27 63 76 112 125 161 174 187 223 236 272 285 321 334 347 383 396 432 445 481 494 530 543
15 28 64 77 113 126 162 175 188 224 237 273 286 322 335 348 384 397 433 446 482 495 508 544
15 29 65 78 114 127 140 176 189 225 238 274 287 323 336 349 385 398 434 447 483 496 509 545
15 30 66 79 115 128 141 177 190 226 239 275 288 301 337 350 386 399 435 448 484 497 510 546
15 31 67 80 116 129 142 178 191 227 240 276 289 302 338 351 387 400 436 449 462 498 511 547
15 32 68 81 94 130 143 179 192 228 241 277 290 303 339 352 388 401 437 450 463 499 512 548
15 33 69 82 95 131 144 180 193 229 242 255 291 304 340 353 389 402 438 451 464 500 513 549
15 34 70 83 96 132 145 181 194 230 243 256 292 305 341 354 390 403 416 452 465 501 514 550
15 35 48 84 97 133 146 182 195 231 244 257 293 306 342 355 391 404 417 453 466 502 515 551
15 36 49 85 98 134 147 183 196 209 245 258 294 307 343 356 392 405 418 454 467 503 516 552
15 37 50 86 99 135 148 184 197 210 246 259 295 308 344 357 370 406 419 455 468 504 517 553
15 38 51 87 100 136 149 185 198 211 247 260 296 309 345 358 371 407 420 456 469 505 518 531
15 39 52 88 101 137 150 163 199 212 248 261 297 310 346 359 372 408 421 457 470 506 519 532
15 40 53 89 102 138 151 164 200 213 249 262 298 311 324 360 373 409 422 458 471 507 520 533
15 41 54 90 103 139 152 165 201 214 250 263 299 312 325 361 374 410 423 459 472 485 521 534
15 42 55 91 104 117 153 166 202 215 251 264 300 313 326 362 375 411 424 460 473 486 522 535
15 43 56 92 105 118 154 167 203 216 252 265 278 314 327 363 376 412 425 461 474 487 523 536
15 44 57 93 106 119 155 168 204 217 253 266 279 315 328 364 377 413 426 439 475 488 524 537
15 45 58 71 107 120 156 169 205 218 254 267 280 316 329 365 378 414 427 440 476 489 525 538
15 46 59 72 108 121 157 170 206 219 232 268 281 317 330 366 379 415 428 441 477 490 526 539
15 47 60 73 109 122 158 171 207 220 233 269 282 318 331 367 380 393 429 442 478 491 527 540
16 25 62 76 113 127 141 178 192 229 243 257 294 308 345 359 373 410 424 461 475 489 526 540
16 26 63 77 114 128 142 179 193 230 244 258 295 309 346 360 374 411 425 439 476 490 527 541
16 27 64 78 115 129 143 180 194 231 245 259 296 310 324 361 375 412 426 440 477 491 528 542
16 28 65 79 116 130 144 181 195 209 246 260 297 311 325 362 376 413 427 441 478 492 529 543
16 29 66 80 94 131 145 182 196 210 247 261 298 312 326 363 377 414 428 442 479 493 530 544
16 30 67 81 95 132 146 183 197 211 248 262 299 313 327 364 378 415 429 443 480 494 508 545
16 31 68 82 96 133 147 184 198 212 249 263 300 314 328 365 379 393 430 444 481 495 509 546
16 32 69 83 97 134 148 185 199 213 250 264 278 315 329 366 380 394 431 445 482 496 510 547
16 33 70 84 98 135 149 163 200 214 251 265 279 316 330 367 381 395 432 446 483 497 511 548
16 34 48 85 99 136 150 164 201 215 252 266 280 317 331 368 382 396 433 447 484 498 512 549
16 35 49 86 100 137 151 165 202 216 253 267 281 318 332 369 383 397 434 448 462 499 513 550
16 36 50 87 101 138 152 166 203 217 254 268 282 319 333 347 384 398 435 449 463 500 514 551
16 37 51 88 102 139 153 167 204 218 232 269 283 320 334 348 385 399 436 450 464 501 515 552
16 38 52 89 103 117 154 168 205 219 233 270 284 321 335 349 386 400 437 451 465 502 516 553
16 39 53 90 104 118 155 169 206 220 234 271 285 322 336 350 387 401 438 452 466 503 517 531
16 40 54 91 105 119 156 170 207 221 235 272 286 323 337 351 388 402 416 453 467 504 518 532
16 41 55 92 106 120 157 171 208 222 236 273 287 301 338 352 389 403 417 454 468 505 519 533
16 42 56 93 107 121 158 172 186 223 237 274 288 302 339 353 390 404 418 455 469 506 520 534
16 43 57 71 108 122 159 173 187 224 238 275 289 303 340 354 391 405 419 456 470 507 521 535
16 44 58 72 109 123 160 174 188 225 239 276 290 304 341 355 392 406 420 457 471 485 522 536
16 45 59 73 110 124 161 175 189 226 240 277 291 305 342 356 370 407 421 458 472 486 523 537
16 46 60 74 111 125 162 176 190 227 241 255 292 306 343 357 371 408 422 459 473 487 524 538
16 47 61 75 112 126 140 177 191 228 242 256 293 307 344 358 372 409 423 460 474 488 525 539
17 25 63 78 116 131 146 184 199 214 252 267 282 320 335 350 388 403 418 456 471 486 524 539
17 26 64 79 94 132 147 185 200 215 253 268 283 321 336 351 389 404 419 457 472 487 525 540
17 27 65 80 95 133 148 163 201 216 254 269 284 322 337 352 390 405 420 458 473 488 526 541
17 28 66 81 96 134 149 164 202 217 232 270 285 323 338 353 391 406 421 459 474 489 527 542
17 29 67 82 97 135 150 165 203 218 233 271 286 301 339 354 392 407 422 460 475 490 528 543
17 30 68 83 98 136 151 166 204 219 234 272 287 302 340 355 370 408 423 461 476 491 529 544
17 31 69 84 99 137 152 167 205 220 235 273 288 303 341 356 371 409 424 439 477 492 530 545
17 32 70 85 100 138 153 168 206 221 236 274 289 304 342 357 372 410 425 440 478 493 508 546
17 33 48 86 101 139 154 169 207 222 237 275 290 305 343 358 373 411 426 441 479 494 509 547
17 34 49 87 102 117 155 170 208 223 238 276 291 306 344 359 374 412 427 442 480 495 510 548
17 35 50 88 103 118 156 171 186 224 239 277 292 307 345 360 375 413 428 443 481 496 511 549
17 36 51 89 104 119 157 172 187 225 240 255 293 308 346 361 376 414 429 444 482 497 512 550
17 37 52 90 105 120 158 173 188 226 241 256 294 309 324 362 377 415 430 445 483 498 513 551
17 38 53 91 106 121 159 174 189 227 242 257 295 310 325 363 378 393 431 446 484 499 514 552
17 39 54 92 107 122 160 175 190 228 243 258 296 311 326 364 379 394 432 447 462 500 515 553
17 40 55 93 108 123 161 176 191 229 244 259 297 312 327 365 380 395 433 448 463 501 516 531
17 41 56 71 109 124 162 177 192 230 245 260 298 313 328 366 381 396 434 449 464 502 517 532
17 42 57 72 110 125 140 178 193 231 246 261 299 314 329 367 382 397 435 450 465 503 518 533
17 43 58 73 111 126 141 179 194 209 247 262 300 315 330 368 383 398 436 451 466 504 519 534
17 44 59 74 112 127 142 180 195 210 248 263 278 316 331 369 384 399 437 452 467 505 520 535
17 45 60 75 113 128 143 181 196 211 249 264 279 317 332 347 385 400 438 453 468 506 521 536
17 46 61 76 114 129 144 182 197 212 250 265 280 318 333 348 386 401 416 454 469 507 522 537
17 47 62 77 115 130 145 183 198 213 251 266 281 319 334 349 387 402 417 455 470 485 523 538
18 25 64 80 96 135 151 167 206 222 238 277 293 309 325 364 380 396 435 451 467 506 522 538
18 26 65 81 97 136 152 168 207 223 239 255 294 310 326 365 381 397 436 452 468 507 523 539
18 27 66 82 98 137 153 169 208 224 240 256 295 311 327 366 382 398 437 453 469 485 524 540
18 28 67 83 99 138 154 170 186 225 241 257 296 312 328 367 383 399 438 454 470 486 525 541
18 29 68 84 100 139 155 171 187 226 242 258 297 313 329 368 384 400 416 455 471 487 526 542
18 30 69 85 101 117 156 172 188 227 243 259 298 314 330 369 385 401 417 456 472 488 527 543
18 31 70 86 102 118 157 173 189 228 244 260 299 315 331 347 386 402 418 457 473 489 528 544
18 32 48 87 103 119 158 174 190 229 245 261 300 316 332 348 387 403 419 458 474 490 529 545
18 33 49 88 104 120 159 175 191 230 246 262 278 317 333 349 388 404 420 459 475 491 530 546
18 34 50 89 105 121 160 176 192 231 247 263 279 318 334 350 389 405 421 460 476 492 508 547
18 35 51 90 106 122 161 177 193 209 248 264 280 319 335 351 390 406 422 461 477 493 509 548
18 36 52 91 107 123 162 178 194 210 249 265 281 320 336 352 391 407 423 439 478 494 510 549
18 37 53 92 108 124 140 179 195 211 250 266 282 321 337 353 392 408 424 440 479 495 511 550
18 38 54 93 109 125 141 180 196 212 251 267 283 322 338 354 370 409 425 441 480 496 512 551
18 39 55 71 110 126 142 181 197 213 252 268 284 323 339 355 371 410 426 442 481 497 513 552
18 40 56 72 111 127 143 182 198 214 253 269 285 301 340 356 372 411 427 443 482 498 514 553
18 41 57 73 112 128 144 183 199 215 254 270 286 302 341 357 373 412 428 444 483 499 515 531
18 42 58 74 113 129 145 184 200 216 232 271 287 303 342 358 374 413 429 445 484 500 516 532
18 43 59 75 114 130 146 185 201 217 233 272 288 304 343 359 375 414 430 446 462 501 517 533
18 44 60 76 115 131 147 163 202 218 234 273 289 305 344 360 376 415 431 447 463 502 518 534
18 45 61 77 116 132 148 164 203 219 235 274 290 306 345 361 377 393 432 448 464 503 519 535
18 46 62 78 94 133 149 165 204 220 236 275 291 307 346 362 378 394 433 449 465 504 520 536
18 47 63 79 95 134 150 166 205 221 237 276 292 308 324 363 379 395 434 450 466 505 521 537
19 25 65 82 99 139 156 173 190 230 247 264 281 321 338 355 372 412 429 446 463 503 520 537
19 26 66 83 100 117 157 174 191 231 248 265 282 322 339 356 373 413 430 447 464 504 521 538
19 27 67 84 101 118 158 175 192 209 249 266 283 323 340 357 374 414 431 448 465 505 522 539
19 28 68 85 102 119 159 176 193 210 250 267 284 301 341 358 375 415 432 449 466 506 523 540
19 29 69 86 103 120 160 177 194 211 251 268 285 302 342 359 376 393 433 450 467 507 524 541
19 30 70 87 104 121 161 178 195 212 252 269 286 303 343 360 377 394 434 451 468 485 525 542
19 31 48 88 105 122 162 179 196 213 253 270 287 304 344 361 378 395 435 452 469 486 526 543
19 32 49 89 106 123 140 180 197 214 254 271 288 305 345 362 379 396 436 453 470 487 527 544
19 33 50 90 107 124 141 181 198 215 232 272 289 306 346 363 380 397 437 454 471 488 528 545
19 34 51 91 108 125 142 182 199 216 233 273 290 307 324 364 381 398 438 455 472 489 529 546
19 35 52 92 109 126 143 183 200 217 234 274 291 308 325 365 382 399 416 456 473 490 530 547
19 36 53 93 110 127 144 184 201 218 235 275 292 309 326 366 383 400 417 457 474 491 508 548
19 37 54 71 111 128 145 185 202 219 236 276 293 310 327 367 384 401 418 458 475 492 509 549
19 38 55 72 112 129 146 163 203 220 237 277 294 311 328 368 385 402 419 459 476 493 510 550
19 39 56 73 113 130 147 164 204 221 238 255 295 312 329 369 386 403 420 460 477 494 511 551
19 40 57 74 114 131 148 165 205 222 239 256 296 313 330 347 387 404 421 461 478 495 512 552
19 41 58 75 115 132 149 166 206 223 240 257 297 314 331 348 388 405 422 439 479 496 513 553
19 42 59 76 116 133 150 167 207 224 241 258 298 315 332 349 389 406 423 440 480 497 514 531
19 43 60 77 94 134 151 168 208 225 242 259 299 316 333 350 390 407 424 441 481 498 515 532
19 44 61 78 95 135 152 169 186 226 243 260 300 317 334 351 391 408 425 442 482 499 516 533
19 45 62 79 96 136 153 170 187 227 244 261 278 318 335 352 392 409 426 443 483 500 517 534
19 46 63 80 97 137 154 171 188 228 245 262 279 319 336 353 370 410 427 444 484 501 518 535
19 47 64 81 98 138 155 172 189 229 246 263 280 320 337 354 371 411 428 445 462 502 519 536
20 25 66 84 102 120 161 179 197 215 233 274 292 310 328 369 387 405 423 441 482 500 518 536
20 26 67 85 103 121 162 180 198 216 234 275 293 311 329 347 388 406 424 442 483 501 519 537
20 27 68 86 104 122 140 181 199 217 235 276 294 312 330 348 389 407 425 443 484 502 520 538
20 28 69 87 105 123 141 182 200 218 236 277 295 313 331 349 390 408 426 444 462 503 521 539
20 29 70 88 106 124 142 183 201 219 237 255 296 314 332 350 391 409 427 445 463 504 522 540
20 30 48 89 107 125 143 184 202 220 238 256 297 315 333 351 392 410 428 446 464 505 523 541
20 31 49 90 108 126 144 185 203 221 239 257 298 316 334 352 370 411 429 447 465 506 524 542
20 32 50 91 109 127 145 163 204 222 240 258 299 317 335 353 371 412 430 448 466 507 525 543
20 33 51 92 110 128 146 164 205 223 241 259 300 318 336 354 372 413 431 449 467 485 526 544
20 34 52 93 111 129 147 165 206 224 242 260 278 319 337 355 373 414 432 450 468 486 527 545
20 35 53 71 112 130 148 166 207 225 243 261 279 320 338 356 374 415 433 451 469 487 528 546
20 36 54 72 113 131 149 167 208 226 244 262 280 321 339 357 375 393 434 452 470 488 529 547
20 37 55 73 114 132 150 168 186 227 245 263 281 322 340 358 376 394 435 453 471 489 530 548
20 38 56 74 115 133 151 169 187 228 246 264 282 323 341 359 377 395 436 454 472 490 508 549
20 39 57 75 116 134 152 170 188 229 247 265 283 301 342 360 378 396 437 455 473 491 509 550
20 40 58 76 94 135 153 171 189 230 248 266 284 302 343 361 379 397 438 456 474 492 510 551
20 41 59 77 95 136 154 172 190 231 249 267 285 303 344 362 380 398 416 457 475 493 511 552
20 42 60 78 96 137 155 173 191 209 250 268 286 304 345 363 381 399 417 458 476 494 512 553
20 43 61 79 97 138 156 174 192 210 251 269 287 305 346 364 382 400 418 459 477 495 513 531
20 44 62 80 98 139 157 175 193 211 252 270 288 306 324 365 383 401 419 460 478 496 514 532
20 45 63 81 99 117 158 176 194 212 253 271 289 307 325 366 384 402 420 461 479 497 515 533
20 46 64 82 100 118 159 177 195 213 254 272 290 308 326 367 385 403 421 439 480 498 516 534
20 47 65 83 101 119 160 178 196 214 232 273 291 309 327 368 386 404 422 440 481 499 517 535
21 25 67 86 105 124 143 185 204 223 242 261 280 322 341 360 379 398 417 459 478 497 516 535
21 26 68 87 106 125 144 163 205 224 243 262 281 323 342 361 380 399 418 460 479 498 517 536
21 27 69 88 107 126 145 164 206 225 244 263 282 301 343 362 381 400 419 461 480 499 518 537
21 28 70 89 108 127 146 165 207 226 245 264 283 302 344 363 382 401 420 439 481 500 519 538
21 29 48 90 109 128 147 166 208 227 246 265 284 303 345 364 383 402 421 440 482 501 520 539
21 30 49 91 110 129 148 167 186 228 247 266 285 304 346 365 384 403 422 441 483 502 521 540
21 31 50 92 111 130 149 168 187 229 248 267 286 305 324 366 385 404 423 442 484 503 522 541
21 32 51 93 112 131 150 169 188 230 249 268 287 306 325 367 386 405 424 443 462 504 523 542
21 33 52 71 113 132 151 170 189 231 250 269 288 307 326 368 387 406 425 444 463 505 524 543
21 34 53 72 114 133 152 171 190 209 251 270 289 308 327 369 388 407 426 445 464 506 525 544
21 35 54 73 115 134 153 172 191 210 252 271 290 309 328 347 389 408 427 446 465 507 526 545
21 36 55 74 116 135 154 173 192 211 253 272 291 310 329 348 390 409 428 447 466 485 527 546
21 37 56 75 94 136 155 174 193 212 254 273 292 311 330 349 391 410 429 448 467 486 528 547
21 38 57 76 95 137 156 175 194 213 232 274 293 312 331 350 392 411 430 449 468 487 529 548
21 39 58 77 96 138 157 176 195 214 233 275 294 313 332 351 370 412 431 450 469 488 530 549
21 40 59 78 97 139 158 177 196 215 234 276 295 314 333 352 371 413 432 451 470 489 508 550
21 41 60 79 98 117 159 178 197 216 235 277 296 315 334 353 372 414 433 452 471 490 509 551
21 42 61 80 99 118 160 179 198 217 236 255 297 316 335 354 373 415 434 453 472 491 510 552
21 43 62 81 100 119 161 180 199 218 237 256 298 317 336 355 374 393 435 454 473 492 511 553
21 44 63 82 101 120 162 181 200 219 238 257 299 318 337 356 375 394 436 455 474 493 512 531
21 45 64 83 102 121 140 182 201 220 239 258 300 319 338 357 376 395 437 456 475 494 513 532
21 46 65 84 103 122 141 183 202 221 240 259 278 320 339 358 377 396 438 457 476 495 514 533
21 47 66 85 104 123 142 184 203 222 241 260 279 321 340 359 378 397 416 458 477 496 515 534
22 25 68 88 108 128 148 168 188 231 251 271 291 311 331 351 371 414 434 454 474 494 514 534
22 26 69 89 109 129 149 169 189 209 252 272 292 312 332 352 372 415 435 455 475 495 515 535
22 27 70 90 110 130 150 170 190 210 253 273 293 313 333 353 373 393 436 456 476 496 516 536
22 28 48 91 111 131 151 171 191 211 254 274 294 314 334 354 374 394 437 457 477 497 517 537
22 29 49 92 112 132 152 172 192 212 232 275 295 315 335 355 375 395 438 458 478 498 518 538
22 30 50 93 113 133 153 173 193 213 233 276 296 316 336 356 376 396 416 459 479 499 519 539
22 31 51 71 114 134 154 174 194 214 234 277 297 317 337 357 377 397 417 460 480 500 520 540
22 32 52 72 115 135 155 175 195 215 235 255 298 318 338 358 378 398 418 461 481 501 521 541
22 33 53 73 116 136 156 176 196 216 236 256 299 319 339 359 379 399 419 439 482 502 522 542
22 34 54 74 94 137 157 177 197 217 237 257 300 320 340 360 380 400 420 440 483 503 523 543
22 35 55 75 95 138 158 178 198 218 238 258 278 321 341 361 381 401 421 441 484 504 524 544
22 36 56 76 96 139 159 179 199 219 239 259 279 322 342 362 382 402 422 442 462 505 525 545
22 37 57 77 97 117 160 180 200 220 240 260 280 323 343 363 383 403 423 443 463 506 526 546
22 38 58 78 98 118 161 181 201 221 241 261 281 301 344 364 384 404 424 444 464 507 527 547
22 39 59 79 99 119 162 182 202 222 242 262 282 302 345 365 385 405 425 445 465 485 528 548
22 40 60 80 100 120 140 183 203 223 243 263 283 303 346 366 386 406 426 446 466 486 529 549
22 41 61 81 101 121 141 184 204 224 244 264 284 304 324 367 387 407 427 447 467 487 530 550
22 42 62 82 102 122 142 185 205 225 245 265 285 305 325 368 388 408 428 448 468 488 508 551
22 43 63 83 103 123 143 163 206 226 246 266 286 306 326 369 389 409 429 449 469 489 509 552
22 44 64 84 104 124 144 164 207 227 247 267 287 307 327 347 390 410 430 450 470 490 510 553
22 45 65 85 105 125 145 165 208 228 248 268 288 308 328 348 391 411 431 451 471 491 511 531
22 46 66 86 106 126 146 166 186 229 249 269 289 309 329 349 392 412 432 452 472 492 512 532
22 47 67 87 107 127 147 167 187 230 250 270 290 310 330 350 370 413 433 453 473 493 513 533
23 25 69 90 111 132 153 174 195 216 237 258 279 323 344 365 386 407 428 449 470 491 512 533
23 26 70 91 112 133 154 175 196 217 238 259 280 301 345 366 387 408 429 450 471 492 513 534
23 27 48 92 113 134 155 176 197 218 239 260 281 302 346 367 388 409 430 451 472 493 514 535
23 28 49 93 114 135 156 177 198 219 240 261 282 303 324 368 389 410 431 452 473 494 515 536
23 29 50 71 115 136 157 178 199 220 241 262 283 304 325 369 390 411 432 453 474 495 516 537
23 30 51 72 116 137 158 179 200 221 242 263 284 305 326 347 391 412 433 454 475 496 517 538
23 31 52 73 94 138 159 180 201 222 243 264 285 306 327 348 392 413 434 455 476 497 518 539
23 32 53 74 95 139 160 181 202 223 244 265 286 307 328 349 370 414 435 456 477 498 519 540
23 33 54 75 96 117 161 182 203 224 245 266 287 308 329 350 371 415 436 457 478 499 520 541
23 34 55 76 97 118 162 183 204 225 246 267 288 309 330 351 372 393 437 458 479 500 521 542
23 35 56 77 98 119 140 184 205 226 247 268 289 310 331 352 373 394 438 459 480 501 522 543
23 36 57 78 99 120 141 185 206 227 248 269 290 311 332 353 374 395 416 460 481 502 523 544
23 37 58 79 100 121 142 163 207 228 249 270 291 312 333 354 375 396 417 461 482 503 524 545
23 38 59 80 101 122 143 164 208 229 250 271 292 313 334 355 376 397 418 439 483 504 525 546
23 39 60 81 102 123 144 165 186 230 251 272 293 314 335 356 377 398 419 440 484 505 526 547
23 40 61 82 103 124 145 166 187 231 252 273 294 315 336 357 378 399 420 441 462 506 527 548
23 41 62 83 104 125 146 167 188 209 253 274 295 316 337 358 379 400 421 442 463 507 528 549
23 42 63 84 105 126 147 168 189 210 254 275 296 317 338 359 380 401 422 443 464 485 529 550
23 43 64 85 106 127 148 169 190 211 232 276 297 318 339 360 381 402 423 444 465 486 530 551
23 44 65 86 107 128 149 170 191 212 233 277 298 319 340 361 382 403 424 445 466 487 508 552
23 45 66 87 108 129 150 171 192 213 234 255 299 320 341 362 383 404 425 446 467 488 509 553
23 46 67 88 109 130 151 172 193 214 235 256 300 321 342 363 384 405 426 447 468 489 510 531
23 47 68 89 110 131 152 173 194 215 236 257 278 322 343 364 385 406 427 448 469 490 511 532
24 25 70 92 114 136 158 180 202 224 246 268 290 312 334 356 378 400 422 444 466 488 510 532
24 26 48 93 115 137 159 181 203 225 247 269 291 313 335 357 379 401 423 445 467 489 511 533
24 27 49 71 116 138 160 182 204 226 248 270 292 314 336 358 380 402 424 446 468 490 512 534
24 28 50 72 94 139 161 183 205 227 249 271 293 315 337 359 381 403 425 447 469 491 513 535
24 29 51 73 95 117 162 184 206 228 250 272 294 316 338 360 382 404 426 448 470 492 514 536
24 30 52 74 96 118 140 185 207 229 251 273 295 317 339 361 383 405 427 449 471 493 515 537
24 31 53 75 97 119 141 163 208 230 252 274 296 318 340 362 384 406 428 450 472 494 516 538
24 32 54 76 98 120 142 164 186 231 253 275 297 319 341 363 385 407 429 451 473 495 517 539
24 33 55 77 99 121 143 165 187 209 254 276 298 320 342 364 386 408 430 452 474 496 518 540
24 34 56 78 100 122 144 166 188 210 232 277 299 321 343 365 387 409 431 453 475 497 519 541
24 35 57 79 101 123 145 167 189 211 233 255 300 322 344 366 388 410 432 454 476 498 520 542
24 36 58 80 102 124 146 168 190 212 234 256 278 323 345 367 389 411 433 455 477 499 521 543
24 37 59 81 103 125 147 169 191 213 235 257 279 301 346 368 390 412 434 456 478 500 522 544
24 38 60 82 104 126 148 170 192 214 236 258 280 302 324 369 391 413 435 457 479 501 523 545
24 39 61 83 105 127 149 171 193 215 237 259 281 303 325 347 392 414 436 458 480 502 524 546
24 40 62 84 106 128 150 172 194 216 238 260 282 304 326 348 370 415 437 459 481 503 525 547
24 41 63 85 107 129 151 173 195 217 239 261 283 305 327 349 371 393 438 460 482 504 526 548
24 42 64 86 108 130 152 174 196 218 240 262 284 306 328 350 372 394 416 461 483 505 527 549
24 43 65 87 109 131 153 175 197 219 241 263 285 307 329 351 373 395 417 439 484 506 528 550
24 44 66 88 110 132 154 176 198 220 242 264 286 308 330 352 374 396 418 440 462 507 529 551
24 45 67 89 111 133 155 177 199 221 243 265 287 309 331 353 375 397 419 441 463 485 530 552
24 46 68 90 112 134 156 178 200 222 244 266 288 310 332 354 376 398 420 442 464 486 508 553
24 47 69 91 113 135 157 179 201 223 245 267 289 311 333 355 377 399 421 443 465 487 509 531
